167
46404878
487
248
265
414
666848
666577
3547242
3547251
17896045
46403304
17896106
38124126
38017704
38017712
38124126
56677844
177
19465585
403
347
61
46402259
666747
3547239
3547253
3547282
46408510
18678001
38017706
38017708
56677848
56677823
38017684
56677866
250
46408547
215
46401266
177
246
335
666489
56677872
3547268
17896103
17896007
38017709
38017721
38017727
56677871
273
56677776
197
226
165
229
46404379
462
666818
666442
666885
3547251
17553983
273
462
38017683
38017724
197
3547251
56677839
284
284
278
46411086
315
2148
2148
368
377
105
38
666960
666451
38017676
46402259
38017733
46408547
56677854
219
215
378
70
434
38017735
261
338
666468
46408509
3547279
3547295
17553967
17896094
17896060
38017707
56677864
286
46403308
79
391
4
46408521
39398582
19465585
666633
666747
3547257
19465585
38017696
38017736
38017734
39398582
56677785
404
56677826
277
248
344
46402270
273
666581
666676
666940
666908
3547247
3547299
38017662
38017662
56677847
56677872
489
436
56677872
56677873
373
416
18
58
3089
38017677
3547249
46409589
30
38017710
56677805
38017717
56677828
666809
452
304
210
70
56677795
19465585
3547245
19465585
3547207
56677794
38017686
46408509
70
56677794
38017711
56677861
56677778
130
417
19465585
38017684
174
351
61
38017711
46411085
666508
9051997
46411085
46408521
38017690
17896058
56677722
38017735
56677843
319
46403292
83
54
335
489
46401762
666564
666754
3547244
3547256
46409590
46411085
38017689
56677806
56677855
56677838
56677875
401
48
3
420
46408509
46408547
666786
46403281
666703
3547287
3547285
38017706
17896067
38017728
38017729
38017706
38017732
48248287
46408547
38017733
357
75
296
46403272
9051997
215
3547301
3547281
38017733
17896062
19465326
38017684
38017695
38017706
56677809
56677826
56677831
33
45
329
197
108
145
360
260
2175
28
3547251
3547254
666747
390
17896025
420
56913527
19465585
46394014
176
46413078
3547251
70
320
250
38017711
667378
3547251
38017677
17896056
17895968
38017700
38017715
56677823
666809
306
197
46408543
290
406
46403305
324
4197162
221
250
17553994
46406979
38017705
17895941
335
38017714
248
46408543
455
491
303
340
227
38017706
3547260
3547293
46411590
39398582
248
17896097
17896017
38017677
38017663
38017726
56677837
46403313
46403302
46408509
172
46408509
46403272
380
493
439
17896036
666511
17896051
46406979
17896022
24417679
38017725
56677823
70
305
359
101
46403303
46411085
3547246
248
17895854
17896059
38017699
38017692
46403292
38017649
38017730
56677817
56677822
56677870
56677865
125
460
137
268
89
3547239
46403314
46404379
38017735
38017706
17895983
38017719
38017719
56677836
56677857
56677860
56677874
46405956
4197029
46403313
38017706
666541
46403313
3547272
17896065
17896036
475
24572055
27924547
38017685
38017716
38017706
38017706
46411085
46403313
46390827
100
139
297
101
413
666881
46403313
11891374
17896023
19465584
38017620
38017711
101
38017739
172
56677824
56677842
182
65
22
419
38017706
666923
70
3547289
17896120
38017690
38017711
44477062
56677747
47957121
56677829
56677850
335
56783340
367
114
56677826
251
38017733
475
407
282
2189
39398582
17553979
17553992
17896070
57875092
45658838
56677799
56677858
46406979
177
46403307
349
57
46403272
356
46403823
32
314
147
470
666729
666451
3547095
46403272
18678058
228
329
191
114
46406979
380
217
248
257
132
38017706
38017733
70
17554004
38017679
56677840
56677859
56677873
46408510
3547251
46403286
486
383
46402270
3547241
666609
46406979
1603383
46403269
38017697
56677836
56677835
56677868
56677738
56677867
